

 A=[1/5,1/10,1/30;1/10,2/15,1/10;1/30,1/10,1/5];

 

